0 1
1 0.4375
2 0.515625
3 0.46875
4 0.53125
5 0.40625
6 0.453125
7 0.390625
8 0.46875
9 0.5
10 0.375
11 0.515625
12 0.546875
13 0.515625
14 0.5
15 0.484375
16 0.546875
17 0.5
18 0.5
19 0.453125
20 0.46875
21 0.390625
22 0.46875
23 0.4375
24 0.515625
25 0.484375
26 0.53125
27 0.5625
28 0.515625
29 0.546875
30 0.546875
31 0.546875
32 0.46875
33 0.546875
34 0.4375
35 0.515625
36 0.53125
37 0.5
38 0.515625
39 0.484375
40 0.546875
41 0.515625
42 0.546875
43 0.453125
44 0.5625
45 0.5
46 0.5
47 0.46875
48 0.484375
49 0.546875
50 0.46875
51 0.421875
52 0.5
53 0.53125
54 0.4375
55 0.484375
56 0.484375
57 0.515625
58 0.515625
59 0.46875
60 0.484375
61 0.53125
62 0.5
63 0.484375
